species	soil	water	fans	width	thick	leaf.length	curve	w.start	w.end	flower	relative.rhizome.growth	relative.fitness
I.mariae	rendzina	100	-1.424308795	-1.441832556	-0.234975081	-1.290787867	0.205266699	7.7	8.1	0	1.051948052	0.451595582
I.petrana	loess	100	0.021230786	0.116421262	-1.404994086	-0.116139654	-0.34782429	14.3	13.6	1	0.951048951	0.408280146
I.petrana	rendzina	100	0.021230786	-0.506880265	0.155031254	0.286286123	0.485023907	12.3	21.2	0	1.723577236	0.739922341
I.mariae	rendzina	100	1.466770366	-1.441832556	-0.234975081	-0.757845622	0.791927253	13.5	20.6	0	1.525925926	0.655071708
I.atropurpurea	rendzina	100	-0.942462268	-1.441832556	-1.209990919	0.623453665	-0.416475003	11.6	13.2	0	1.137931034	0.488507609
I.petrana	sand	100	-0.460615741	-1.75348332	-0.819984584	-0.137892399	-0.529217373	12.8	17.6	0	1.375	0.590280028
I.atropurpurea	sand	100	0.021230786	-1.130181792	-0.624981416	0.112264165	-0.594204382	9.3	15.3	0	1.64516129	0.706258802
I.mariae	rendzina	100	0.98492384	-0.818531029	-1.209990919	-2.356672357	2.29970628	8.6	12.2	0	1.418604651	0.608999268
I.atrofusca	loess	100	-0.942462268	0.116421262	-1.599997254	-1.171147771	-0.278495931	13	12.8	0	0.984615385	0.422690034
I.atrofusca	rendzina	100	0.503077313	0.73972279	-1.209990919	0.177522399	-0.745426649	10.7	15.3	0	1.429906542	0.613851108
I.petrana	rendzina	100	0.021230786	-0.506880265	0.350034421	-1.138518654	-0.441059782	10.6	15.1	1	1.424528302	0.611542259
I.atropurpurea	rendzina	100	-0.460615741	0.428072026	0.155031254	0.840981112	-0.600333041	13.6	19.2	0	1.411764706	0.606062916
I.atropurpurea	sand	100	0.98492384	-0.506880265	-1.014987751	0.340667984	-0.739057523	13.5	19.2	0	1.422222222	0.610552271
I.mariae	sand	100	0.021230786	-1.130181792	-0.624981416	-1.432180708	1.640771874	9.9	14.9	0	1.505050505	0.646110003
I.atrofusca	sand	100	-1.424308795	0.428072026	-0.429978249	0.927992091	-0.598348285	6.6	16.9	0	2.560606061	1.099254267
I.atrofusca	loess	100	-0.460615741	0.428072026	-0.039971914	0.525566314	-0.511930115	11.3	21.9	0	1.938053097	0.831995663
I.petrana	sand	100	-0.942462268	-1.75348332	-1.599997254	-0.736092878	-0.418799062	9.4	10.7	0	1.138297872	0.488665091
I.petrana	sand	100	0.503077313	-0.818531029	-1.014987751	0.482060825	-0.471729063	14	23.5	0	1.678571429	0.720601592
I.atrofusca	sand	100	-0.942462268	0.116421262	-1.404994086	-0.105263282	0.087300095	10	14.1	0	1.41	0.605305338
I.atropurpurea	rendzina	100	-0.942462268	0.116421262	-0.429978249	-0.159645143	-0.651581774	12.1	11.2	0	0.925619835	0.397363565
I.atrofusca	sand	100	1.466770366	0.428072026	-1.014987751	-0.42067808	-0.52711175	12.2	24	0	1.967213115	0.8445139
I.petrana	rendzina	100	-0.460615741	-1.130181792	-1.599997254	-0.540318175	-0.348310838	12.1	11.2	0	0.925619835	0.397363565
I.petrana	sand	100	0.021230786	-1.441832556	-0.624981416	0.003500442	-0.222417462	10.5	16.2	0	1.542857143	0.662340187
I.mariae	loess	100	0.021230786	-1.441832556	-1.404994086	-1.562697176	-0.538084722	11.5	12.6	0	1.095652174	0.470357524
I.atropurpurea	sand	100	0.503077313	0.116421262	0.740040756	0.09051142	-0.406494087	10.6	21.1	0	1.990566038	0.854539183
I.atropurpurea	rendzina	100	-1.424308795	-0.506880265	-1.014987751	-0.431554452	-0.738833112	9.2	10.1	0	1.097826087	0.471290773
I.atrofusca	sand	100	-0.460615741	-0.195229501	-0.819984584	0.177522399	-0.273941908	10.6	19.9	0	1.877358491	0.805939798
I.petrana	rendzina	100	0.021230786	-0.818531029	-1.209990919	0.27540975	-0.510693523	6.8	8.5	0	1.25	0.536618207
I.atropurpurea	loess	100	-0.942462268	-0.195229501	-0.429978249	0.286286123	-0.477151179	13.9	16.5	0	1.18705036	0.509594269
I.mariae	rendzina	100	2.43046342	-0.818531029	-0.624981416	-1.236406005	0.520396114	12.4	19.5	0	1.572580645	0.675100325
I.atropurpurea	loess	100	-1.424308795	-0.195229501	-0.234975081	0.297162495	-0.366600253	9	12.5	0	1.388888889	0.596242452
I.atrofusca	rendzina	100	-1.424308795	0.73972279	-1.209990919	0.558195431	-0.613617721	7.7	10.2	0	1.324675325	0.568675918
I.atropurpurea	sand	100	0.503077313	-0.195229501	0.155031254	1.123766793	-0.277508491	13.2	28.7	0	2.174242424	0.933390457
I.atrofusca	rendzina	100	-0.942462268	-0.195229501	-0.819984584	1.689338155	-0.821640012	10.2	14.7	0	1.441176471	0.618689227
I.mariae	loess	100	0.021230786	-0.195229501	-0.429978249	-1.888988346	1.914627288	9.4	9.2	1	0.978723404	0.420160639
I.atropurpurea	sand	100	-0.460615741	0.428072026	-0.624981416	-0.333667101	-0.770415316	6.9	11.9	0	1.724637681	0.740377584
I.mariae	loess	100	0.021230786	-1.130181792	-0.234975081	-2.041257559	1.923918238	8.4	10.1	0	1.202380952	0.516175609
I.atropurpurea	sand	100	0.021230786	0.116421262	1.325050259	0.177522399	-0.66359367	13.3	20.6	1	1.54887218	0.66492241
I.atropurpurea	loess	100	-1.424308795	-0.195229501	-0.819984584	-0.42067808	-0.550620188	13.7	13.2	0	0.96350365	0.413626881
I.petrana	loess	100	-0.460615741	-1.130181792	-1.404994086	-0.159645143	-0.201191779	11.8	16.3	0	1.381355932	0.593008595
I.atropurpurea	sand	100	0.021230786	-1.130181792	-1.599997254	-0.768721995	-0.588561142	12.3	14.9	0	1.211382114	0.520039758
I.atropurpurea	loess	100	-0.460615741	0.116421262	-0.429978249	1.210777772	-0.552007361	10.8	23.3	0	2.157407407	0.926163276
I.atrofusca	loess	100	-0.942462268	-0.195229501	-1.014987751	0.231904261	-0.516188797	6.7	10	0	1.492537313	0.640738158
I.petrana	loess	100	0.021230786	-1.441832556	-1.990003589	-1.07326042	-0.280495426	9.6	10.6	0	1.104166667	0.47401275
I.atropurpurea	loess	100	-1.424308795	0.428072026	0.350034421	-0.181397888	-0.727997705	6.8	8.2	0	1.205882353	0.517678741
I.atropurpurea	loess	100	-0.460615741	0.73972279	-0.429978249	-0.692587388	-0.63973023	11.4	15.3	1	1.342105263	0.576158496
I.atrofusca	rendzina	100	-0.460615741	1.986325844	0.545037589	0.960621208	-0.525876804	10	16.3	0	1.63	0.699750142
I.atropurpurea	sand	100	-0.460615741	-0.195229501	-1.014987751	0.569071803	-0.618935607	11.5	20.7	0	1.8	0.772730218
I.atrofusca	sand	100	-1.424308795	-1.130181792	-0.429978249	-0.116139654	-0.488564653	9.1	16	0	1.758241758	0.754803632
I.petrana	sand	100	0.503077313	-1.130181792	-1.209990919	-1.07326042	-0.303099896	14.2	19.9	1	1.401408451	0.601617032
I.petrana	rendzina	100	0.98492384	-0.818531029	-1.014987751	0.036129559	-0.060018783	13.1	16.9	0	1.290076336	0.55382276
I.atrofusca	loess	100	-0.460615741	-0.195229501	-1.404994086	1.232530516	-0.724800776	10.6	20.1	0	1.896226415	0.814039695
I.petrana	rendzina	100	0.98492384	-0.195229501	-1.990003589	-1.11676591	-0.05820871	11.8	12.7	0	1.076271186	0.462037371
I.petrana	loess	100	0.98492384	-1.441832556	-2.380009924	0.014376814	-0.309842323	13.3	14.5	0	1.090225564	0.46802791
I.atrofusca	rendzina	100	0.021230786	0.428072026	-0.429978249	0.601700921	-0.77145083	9.8	19	0	1.93877551	0.83230579
I.atropurpurea	rendzina	100	-0.942462268	-0.818531029	-0.624981416	-0.19227426	-0.552535677	11.4	14.8	0	1.298245614	0.557329787
I.mariae	rendzina	100	0.98492384	-0.818531029	-0.624981416	-1.312540612	0.32563633	11.2	14.1	0	1.258928571	0.540451194
I.atropurpurea	loess	100	0.503077313	-0.506880265	-0.819984584	0.677835527	-0.451977063	12.7	17.5	0	1.377952756	0.59154763
I.mariae	sand	100	0.021230786	-0.818531029	-1.404994086	-0.409801707	0.451899069	12.2	18.6	0	1.524590164	0.654498272
I.atropurpurea	rendzina	100	-0.942462268	0.116421262	-1.014987751	0.427678963	-0.500580918	8.5	12.1	0	1.423529412	0.61111344
I.atrofusca	rendzina	100	-0.942462268	-0.818531029	-1.014987751	0.503813569	-0.538945207	7.1	9.6	0	1.352112676	0.580454624
I.atropurpurea	loess	100	-1.424308795	0.428072026	0.155031254	-0.072634165	-0.085435123	10.4	14.3	0	1.375	0.590280028
I.atrofusca	loess	100	-0.460615741	-0.195229501	-0.429978249	0.199275144	-0.529325598	8.6	10.6	0	1.23255814	0.529130511
I.mariae	sand	100	-1.424308795	-1.441832556	-1.014987751	-1.867235601	1.872446926	9.5	9.6	0	1.010526316	0.433813456
I.petrana	sand	100	0.021230786	-1.130181792	-0.624981416	0.862733857	-0.144054397	11	21.5	0	1.954545455	0.839075742
I.atropurpurea	loess	100	0.021230786	-1.130181792	-1.404994086	0.123140537	-0.512110548	12.5	13.1	0	1.048	0.449900705
I.atropurpurea	rendzina	100	-0.942462268	-0.195229501	-0.234975081	-0.398925335	-0.713832611	10.4	9.4	0	0.903846154	0.388016242
I.atrofusca	sand	100	-0.942462268	-0.195229501	-1.209990919	-0.431554452	-0.386454772	8.2	14.3	0	1.743902439	0.74864784
I.atropurpurea	rendzina	100	-0.460615741	-0.818531029	-0.819984584	0.27540975	-0.693927109	9.4	9.8	0	1.042553191	0.447562419
I.atrofusca	rendzina	100	-0.460615741	0.73972279	-0.819984584	-0.388048963	-0.26531215	10	9.6	0	0.96	0.412122783
I.atropurpurea	sand	100	0.021230786	-0.195229501	-0.819984584	0.144893282	-0.579616166	10.8	18.6	0	1.722222222	0.739340641
I.mariae	rendzina	100	-0.942462268	-1.130181792	-0.819984584	-0.833980229	0.140634939	7.2	7.4	0	1.027777778	0.441219415
I.petrana	sand	100	-1.424308795	-1.130181792	-1.599997254	-0.877485718	0.0954252	7.9	8.4	0	1.063291139	0.456465108
I.atropurpurea	loess	100	-0.942462268	0.116421262	0.935043924	0.31891524	-0.689087628	12.6	15.4	0	1.222222222	0.524693358
I.atropurpurea	sand	100	-0.942462268	1.674675081	-0.234975081	0.569071803	-0.839755261	6.9	11.7	1	1.695652174	0.727934263
I.petrana	loess	100	-0.942462268	-1.130181792	-1.599997254	-0.214027005	-0.483040999	12.9	13.6	0	1.054263566	0.45258962
I.atropurpurea	rendzina	100	-1.424308795	1.051373553	1.715056594	0.155769654	-0.444518661	12.4	13.5	0	1.088709677	0.467377148
I.atropurpurea	rendzina	100	0.503077313	-0.506880265	-0.039971914	0.775722878	-0.718007929	12.5	17	1	1.36	0.583840609
I.atrofusca	loess	100	-1.424308795	0.116421262	-0.429978249	-0.170521516	-0.563826048	10.8	13.4	0	1.240740741	0.532643257
I.mariae	loess	100	-0.460615741	0.116421262	0.545037589	-1.290787867	0.568334448	10.2	12.7	0	1.245098039	0.534513822
I.atropurpurea	rendzina	100	-1.424308795	0.116421262	-0.429978249	0.710464644	-0.632381268	9	10.2	0	1.133333333	0.486533841
I.atropurpurea	rendzina	100	1.466770366	-0.506880265	-1.209990919	-0.692587388	-0.495339751	12.6	15.1	0	1.198412698	0.514472059
I.atrofusca	loess	100	-0.942462268	0.116421262	-0.624981416	0.31891524	-0.518383616	6.9	10	0	1.449275362	0.622166037
I.mariae	sand	100	0.021230786	-1.75348332	-1.014987751	-2.160897655	1.703829398	11.6	14.7	0	1.267241379	0.544019837
I.petrana	loess	100	-1.424308795	-2.376784847	-2.185006756	-1.747595505	-0.765869852	7.5	7.4	0	0.986666667	0.423570638
I.mariae	loess	100	1.466770366	-1.130181792	-1.209990919	-2.367548729	1.892618139	10.5	13.4	0	1.276190476	0.547861636
I.petrana	loess	100	-0.942462268	-1.130181792	-1.014987751	-0.551194548	0.040440321	9.2	11.1	0	1.206521739	0.517953226
I.atropurpurea	loess	100	-0.942462268	-0.195229501	1.130047091	0.416802591	-0.640704785	11.6	14.1	0	1.215517241	0.521814946
I.atropurpurea	loess	100	-0.942462268	1.051373553	0.350034421	0.155769654	-0.769852466	14.8	15.2	1	1.027027027	0.440897121
I.atropurpurea	loess	100	-1.424308795	0.428072026	0.545037589	0.536442686	-0.702257369	13.5	16.8	0	1.244444444	0.534233237
I.atrofusca	sand	100	-0.942462268	-0.818531029	-1.990003589	-0.583823665	-0.648519006	8.8	9.7	0	1.102272727	0.473199692
I.atrofusca	sand	100	-0.942462268	0.116421262	-1.795000421	-0.681711016	-0.728193536	10.2	13.8	0	1.352941176	0.580810295
I.petrana	loess	100	-0.460615741	-0.506880265	-1.209990919	-0.899238463	0.145983285	11.3	11.8	0	1.044247788	0.4482899
I.atropurpurea	sand	100	-0.460615741	0.428072026	0.740040756	1.112890421	-0.779482562	10.2	24.6	0	2.411764706	1.035357482
I.atropurpurea	sand	100	-0.942462268	-0.506880265	-0.624981416	0.351544357	-0.617599323	11.5	16.9	0	1.469565217	0.630876362
I.mariae	loess	100	-0.942462268	0.116421262	1.130047091	-0.083510537	0.713278422	9.7	13.3	0	1.371134021	0.588620384
I.atrofusca	rendzina	100	-1.424308795	0.116421262	0.545037589	1.123766793	-0.780971333	12.8	19.9	0	1.5546875	0.667418895
I.mariae	rendzina	100	0.98492384	-0.195229501	-0.624981416	-1.388675218	1.14673591	10.9	12	0	1.100917431	0.47261787
I.petrana	sand	100	0.98492384	-1.130181792	-0.039971914	-0.485936314	0.191329039	11.3	18.8	1	1.663716814	0.714224587
I.petrana	rendzina	100	-0.460615741	-1.130181792	-0.234975081	1.319541495	-0.307705602	10.6	11.7	0	1.103773585	0.473844002
I.atropurpurea	loess	100	-0.942462268	1.674675081	0.155031254	1.091137676	-0.689661518	14.7	20.5	0	1.394557823	0.598676095
I.mariae	sand	100	0.503077313	-0.818531029	-0.624981416	-1.192900516	0.611333483	11.9	20.3	0	1.705882353	0.732326024
I.atrofusca	rendzina	100	0.021230786	1.051373553	1.325050259	2.635582549	-0.384194109	8.2	19.7	0	2.402439024	1.031354017
I.atropurpurea	rendzina	100	0.021230786	2.921278135	0.740040756	1.547945314	-0.427936617	12.6	27.9	1	2.214285714	0.950580824
I.atropurpurea	loess	100	-0.942462268	-0.506880265	-0.429978249	-0.60557641	-0.490401564	10.8	7.8	0	0.722222222	0.310046075
I.petrana	sand	100	-0.942462268	-0.506880265	0.350034421	-0.007375931	0.023146723	11.3	18.9	0	1.672566372	0.718023654
I.atrofusca	sand	100	-0.942462268	1.363024317	-0.039971914	0.482060825	-0.634850314	9.3	22.6	0	2.430107527	1.043231955
I.petrana	rendzina	100	-0.460615741	-1.130181792	-0.039971914	1.15639591	-0.379613934	9.4	15.3	0	1.627659574	0.69874541
I.mariae	rendzina	100	3.394156474	1.051373553	1.325050259	-0.572947292	0.776108156	7.8	15.7	1	2.012820513	0.864092908
I.petrana	sand	100	-1.424308795	0.116421262	0.935043924	0.579948176	-0.439602566	14.5	23.1	0	1.593103448	0.683910653
I.mariae	loess	100	-0.460615741	-0.818531029	-0.234975081	-1.399551591	0.661865476	8.6	11.2	0	1.302325581	0.559081295
I.petrana	loess	100	-0.942462268	-0.818531029	-0.429978249	0.764846506	-0.099518869	8.4	16.3	0	1.94047619	0.833035883
I.atropurpurea	rendzina	100	0.021230786	0.428072026	0.935043924	2.309291378	-0.65500697	11.8	26.6	1	2.254237288	0.967731817
I.mariae	sand	100	-0.942462268	-0.818531029	0.155031254	-0.181397888	0.049019816	10.9	15.9	1	1.458715596	0.626218678
I.atrofusca	loess	100	-1.424308795	0.73972279	0.740040756	1.700214527	-0.773772704	9.3	15.6	0	1.677419355	0.720107013
I.petrana	sand	100	-0.460615741	-1.130181792	-0.819984584	0.83010474	-0.656698599	9.3	14.3	1	1.537634409	0.660098096
I.atrofusca	rendzina	100	-1.424308795	0.428072026	-0.429978249	0.623453665	-0.552488932	7.1	9.7	0	1.366197183	0.586501026
I.atropurpurea	loess	100	-0.460615741	0.116421262	0.545037589	1.189025027	-0.168882813	11.3	18.3	0	1.619469027	0.695229252
I.atropurpurea	sand	100	-1.424308795	0.116421262	1.520053426	1.091137676	-0.643645548	6.2	12.5	0	2.016129032	0.865513237
I.petrana	loess	100	-0.460615741	-0.195229501	-1.209990919	0.373297101	-0.49813392	10.4	9.9	1	0.951923077	0.408655404
I.mariae	sand	100	0.98492384	-1.130181792	-0.429978249	-1.421304335	1.000757594	8.9	14.2	0	1.595505618	0.684941891
I.mariae	loess	100	0.503077313	1.051373553	0.545037589	0.297162495	-0.097002088	10.2	11.2	1	1.098039216	0.471382268
I.atropurpurea	rendzina	100	0.503077313	-0.506880265	-0.819984584	0.166646027	-0.429185295	8.8	11.9	0	1.352272727	0.580523333
I.atrofusca	loess	100	-0.460615741	0.116421262	-0.039971914	1.450057963	-0.552769273	8.8	14.8	0	1.681818182	0.721995406
I.mariae	sand	100	-1.424308795	-1.130181792	-1.014987751	-0.583823665	0.122125946	11.2	11.2	0	1	0.429294566
I.petrana	sand	100	-0.460615741	0.116421262	0.935043924	0.231904261	-0.058988897	9.5	15.9	0	1.673684211	0.718503536
I.atrofusca	loess	100	0.021230786	1.363024317	0.155031254	1.863360112	-0.477796206	14.8	26.2	0	1.77027027	0.759967407
I.atrofusca	loess	100	-0.460615741	-0.195229501	-0.819984584	0.492937197	-0.656078777	6.8	7.3	0	1.073529412	0.460860343
I.atrofusca	rendzina	100	-1.424308795	-0.506880265	-0.429978249	0.308038867	-0.327841135	7.6	9.3	0	1.223684211	0.525320982
I.atrofusca	loess	100	0.503077313	0.73972279	-1.209990919	0.31891524	-0.706130945	10.4	18.2	0	1.75	0.75126549
I.atropurpurea	sand	100	-0.942462268	0.428072026	0.155031254	-0.061757792	-0.538140948	10	16	0	1.6	0.686871305
I.atropurpurea	loess	100	-0.460615741	0.428072026	1.130047091	1.450057963	-0.679653603	9.4	16.8	0	1.787234043	0.767249862
I.mariae	loess	100	0.98492384	-1.75348332	-1.990003589	-1.649708154	0.573413278	13.8	15.3	0	1.108695652	0.475957018
I.petrana	rendzina	100	0.021230786	-0.506880265	-0.429978249	0.101387793	0.075855483	12	14.6	1	1.216666667	0.522308388
I.petrana	sand	100	0.021230786	0.116421262	-0.624981416	-0.105263282	0.201599712	13	22.8	1	1.753846154	0.752916623
I.mariae	sand	100	1.466770366	-1.130181792	-0.819984584	-0.583823665	1.09995966	10.6	20.5	0	1.933962264	0.83023949
I.atrofusca	sand	100	-0.460615741	-0.195229501	-0.429978249	1.167272282	-0.556679988	8.4	21.8	0	2.595238095	1.114121611
I.atrofusca	rendzina	100	-1.424308795	1.363024317	-0.039971914	0.329791612	-0.387397586	11.1	16	0	1.441441441	0.618802977
I.atrofusca	loess	100	-1.424308795	-0.506880265	-0.819984584	0.079635048	-0.62927466	6.9	7	0	1.014492754	0.435516226
I.atropurpurea	rendzina	100	0.503077313	-0.195229501	1.130047091	-0.224903378	0.034432734	7.6	11.6	0	1.526315789	0.655239074
I.petrana	rendzina	100	0.503077313	-1.75348332	-0.039971914	0.210151516	-0.743018232	12.5	17.3	0	1.384	0.594143679
I.mariae	sand	100	-0.942462268	-1.130181792	-0.624981416	-0.866609346	0.844436416	6	7.3	0	1.216666667	0.522308388
I.atrofusca	sand	100	-0.460615741	0.428072026	-0.429978249	-0.159645143	-0.519555648	11.4	17.1	0	1.5	0.643941848
I.petrana	rendzina	100	0.503077313	-0.506880265	-0.234975081	-0.627329154	-0.475485836	11.3	12.4	1	1.097345133	0.471084302
I.petrana	loess	100	-0.460615741	-1.75348332	-1.599997254	-0.88836209	0.147193039	7.1	7.8	1	1.098591549	0.471619382
I.atropurpurea	sand	100	-0.942462268	-1.130181792	-0.234975081	0.351544357	-0.828014426	11.6	22.1	0	1.905172414	0.817880164
I.petrana	rendzina	200	0.503077313	0.116421262	0.350034421	-0.105263282	0.069068278	12.6	27.5	1	2.182539683	0.936952425
I.atrofusca	rendzina	200	0.021230786	1.051373553	-1.795000421	-0.475059941	-0.157971055	12	28.7	0	2.391666667	1.026729503
I.atropurpurea	rendzina	200	0.021230786	1.363024317	2.105062929	0.97149758	-0.448121844	10.5	29.2	0	2.780952381	1.193847744
I.mariae	sand	200	-0.460615741	-1.130181792	-0.039971914	-1.236406005	0.540476838	9.4	16.7	0	1.776595745	0.762682898
I.atropurpurea	rendzina	200	-1.424308795	2.297976608	2.105062929	0.83010474	-0.427730858	13.9	30.3	0	2.179856115	0.935800384
I.atropurpurea	sand	200	-0.460615741	0.116421262	1.130047091	0.210151516	-0.490638361	7.9	18.2	0	2.303797468	0.989007733
I.atropurpurea	loess	200	-0.460615741	1.051373553	1.325050259	-0.072634165	-0.300457393	12.5	33.6	0	2.688	1.153943792
I.atropurpurea	rendzina	200	0.503077313	-0.195229501	1.130047091	0.993250325	-0.581339254	8.8	24.1	1	2.738636364	1.175681708
I.atrofusca	loess	200	0.021230786	1.051373553	1.130047091	2.50506608	-0.596763791	11.3	31.2	0	2.761061947	1.185308889
I.atrofusca	rendzina	200	-0.942462268	1.674675081	2.300066096	0.666959155	-0.506977793	7.7	30.8	0	4	1.717178262
I.atrofusca	loess	200	-0.942462268	2.297976608	1.715056594	2.515942453	-0.375015324	12.9	34.6	0	2.682170543	1.151441238
I.petrana	loess	200	0.021230786	-0.818531029	-0.234975081	0.743093761	-0.270211582	10.4	22.1	0	2.125	0.912250952
I.atrofusca	rendzina	200	-0.460615741	1.986325844	1.130047091	1.874236485	-0.610871708	9.5	37	0	3.894736842	1.671989361
I.petrana	sand	200	0.503077313	-0.818531029	-1.014987751	-0.333667101	0.108131779	12.6	30.9	0	2.452380952	1.052793816
I.atropurpurea	sand	200	-0.942462268	-0.195229501	-0.819984584	-0.910114835	-0.502312196	7	13.3	0	1.9	0.815659675
I.petrana	sand	200	0.021230786	-1.130181792	-2.380009924	0.025253186	-0.445752725	9.3	18.3	1	1.967741935	0.844740919
I.atropurpurea	loess	200	0.503077313	1.363024317	0.545037589	-0.072634165	-0.410393507	10.4	25.7	1	2.471153846	1.060852917
I.mariae	loess	200	1.948616893	-0.506880265	-0.429978249	-1.182024144	0.728023949	9.8	19	1	1.93877551	0.83230579
I.atrofusca	sand	200	0.021230786	1.363024317	-0.039971914	0.732217389	-0.600503719	10.9	44.9	0	4.119266055	1.768378532
I.atropurpurea	rendzina	200	-0.460615741	1.363024317	0.545037589	0.438555335	-0.530865153	8.6	28.4	0	3.302325581	1.417670426
I.atrofusca	sand	200	-0.942462268	0.116421262	-0.039971914	0.46030808	-0.505195722	6.3	19.9	0	3.158730159	1.356025691
I.atropurpurea	rendzina	200	2.43046342	1.674675081	2.105062929	0.677835527	-0.372056073	7.3	30.7	0	4.205479452	1.805389475
I.mariae	sand	200	0.503077313	-0.818531029	0.545037589	-1.81285374	0.897734916	11.6	18.4	0	1.586206897	0.680950001
I.atrofusca	loess	200	-0.942462268	0.73972279	1.910059761	1.221654144	-0.310510993	8.4	19.7	0	2.345238095	1.006797969
I.petrana	rendzina	200	3.394156474	-0.195229501	1.325050259	0.395049846	0.24605661	12.9	36.1	1	2.798449612	1.201359211
I.atrofusca	sand	200	-0.942462268	1.051373553	0.350034421	0.993250325	-0.617763235	6.9	24	0	3.47826087	1.493198489
I.atropurpurea	sand	200	-0.942462268	0.428072026	-0.819984584	-0.453307197	-0.709052861	14.8	17.6	0	1.189189189	0.510512456
I.mariae	rendzina	200	-0.942462268	0.116421262	1.715056594	-0.768721995	0.917453628	8.7	18	0	2.068965517	0.888195653
I.petrana	sand	200	0.503077313	-0.506880265	0.155031254	-0.507689058	0.601097543	12.5	18.7	1	1.496	0.64222467
I.petrana	sand	200	1.466770366	-1.130181792	-0.429978249	0.31891524	-0.38333091	10	22.9	1	2.29	0.983084555
I.petrana	rendzina	200	0.98492384	-1.130181792	-1.014987751	-0.203150633	-0.014320589	10.3	22.6	0	2.194174757	0.941947299
I.atropurpurea	loess	200	0.98492384	-0.506880265	-0.234975081	0.688711899	-0.537273893	13.8	33.4	0	2.420289855	1.039017282
I.atrofusca	rendzina	200	-0.942462268	-0.195229501	-0.234975081	1.286912378	-0.690665004	7.1	15.5	0	2.183098592	0.937192362
I.atrofusca	rendzina	200	0.503077313	0.73972279	-0.819984584	0.895362974	-0.25539462	9.7	28.3	0	2.917525773	1.252477959
I.mariae	rendzina	200	0.021230786	-1.130181792	-0.819984584	-0.083510537	-0.14619993	7.1	12.1	0	1.704225352	0.731614682
I.mariae	loess	200	-1.424308795	-1.130181792	-0.234975081	-1.649708154	0.862817371	10	13.4	0	1.34	0.575254718
I.petrana	loess	200	0.021230786	-0.195229501	0.350034421	-1.312540612	1.251754431	9.3	18.4	0	1.978494624	0.84935699
I.mariae	sand	200	1.948616893	-0.818531029	0.740040756	-2.030381186	2.117702859	12.7	23.9	0	1.881889764	0.807885049
I.mariae	sand	200	-0.460615741	0.73972279	1.325050259	-1.845482857	1.017961557	8.8	13.7	1	1.556818182	0.668333585
I.mariae	sand	200	-1.424308795	0.73972279	1.520053426	-2.704716272	8.652363779	7	13.5	1	1.928571429	0.827925234
I.petrana	sand	200	0.021230786	-1.130181792	-1.014987751	-0.572947292	-0.022918263	14.7	25.4	0	1.727891156	0.741774283
I.petrana	sand	200	0.021230786	-1.130181792	-2.185006756	-0.007375931	0.229437171	8.9	16.9	0	1.898876404	0.815177321
I.atrofusca	rendzina	200	0.021230786	1.051373553	0.155031254	1.787225506	-0.622731591	9.3	41	0	4.408602151	1.892588945
I.atropurpurea	rendzina	200	0.021230786	1.051373553	1.130047091	1.199901399	-0.539323877	11.5	23.8	1	2.069565217	0.888453101
I.mariae	loess	200	-0.942462268	0.116421262	1.325050259	-1.791100995	2.085865198	7.8	13.8	1	1.769230769	0.759521155
I.petrana	loess	200	-1.424308795	-1.75348332	-1.795000421	-1.171147771	-0.551266015	10.9	10	0	0.917431193	0.393848225
I.petrana	loess	200	-0.460615741	-1.130181792	-1.404994086	-0.301037984	0.313548084	9	16.4	0	1.822222222	0.782270097
I.petrana	sand	200	0.021230786	-0.818531029	1.715056594	-0.246656122	-0.169864811	8.3	22.1	0	2.662650602	1.143061434
I.petrana	rendzina	200	-0.460615741	-0.818531029	0.740040756	0.851857484	-0.16488202	12.3	20.7	0	1.682926829	0.722471342
I.atropurpurea	loess	200	-0.460615741	0.73972279	0.545037589	0.83010474	-0.591960408	8.8	18.7	0	2.125	0.912250952
I.atrofusca	sand	200	-0.942462268	1.051373553	0.740040756	0.395049846	-0.152069188	6.3	24.8	0	3.936507937	1.689921465
I.petrana	loess	200	0.021230786	-1.130181792	-0.039971914	-0.844856601	0.293215794	7.8	13.7	0	1.756410256	0.754017378
I.petrana	loess	200	0.503077313	-1.75348332	-1.599997254	-0.74696925	0.041064704	6.1	11.4	1	1.868852459	0.802288205
I.atrofusca	rendzina	200	0.503077313	0.116421262	1.715056594	2.233156772	-0.706971318	11.6	36.6	0	3.155172414	1.354498371
I.atrofusca	loess	200	0.021230786	0.116421262	-0.234975081	1.732843644	-0.560864961	8.5	21.8	0	2.564705882	1.101014298
I.mariae	loess	200	0.021230786	-1.130181792	0.350034421	-1.07326042	1.0804231	8.2	18.8	0	2.292682927	0.984236321
I.atropurpurea	loess	200	-0.942462268	1.051373553	0.740040756	1.199901399	-0.491455266	12.1	23.6	0	1.950413223	0.837301797
I.petrana	loess	200	-1.424308795	0.73972279	0.935043924	0.036129559	0.190803476	9.3	15.5	0	1.666666667	0.715490943
I.atrofusca	loess	200	0.021230786	-0.506880265	-1.014987751	0.862733857	-0.594298372	13	30.4	0	2.338461538	1.00388883
I.petrana	sand	200	0.98492384	-0.506880265	0.155031254	0.177522399	-0.349872076	8.9	17.7	1	1.988764045	0.853765597
I.atrofusca	sand	200	-0.460615741	-0.506880265	-1.990003589	-0.551194548	-0.429410314	9.1	14.6	0	1.604395604	0.688758314
I.mariae	loess	200	-1.424308795	-1.130181792	1.520053426	-2.454559708	2.804594428	7.2	11.7	0	1.625	0.697603669
I.mariae	rendzina	200	-0.460615741	0.428072026	1.520053426	-0.366296218	0.743921446	8.3	17.8	0	2.144578313	0.920655815
I.atrofusca	sand	200	0.021230786	-0.195229501	-0.234975081	1.460934336	-0.633545098	8.9	30	0	3.370786517	1.447060334
I.mariae	loess	200	2.43046342	-0.506880265	-0.624981416	-1.791100995	2.079538354	9.6	22.3	1	2.322916667	0.997215501
I.atropurpurea	sand	200	0.021230786	1.051373553	0.350034421	-0.05088142	-0.537765509	12.3	25.8	0	2.097560976	0.900471528
I.petrana	rendzina	200	-0.942462268	-1.75348332	-1.990003589	-1.432180708	-0.257155143	6.3	9.1	0	1.444444444	0.62009215
I.atropurpurea	loess	200	0.021230786	2.297976608	1.910059761	-0.355419846	-0.442720408	6	15.5	0	2.583333333	1.109010961
I.mariae	sand	200	0.021230786	-1.441832556	0.350034421	-1.595326293	1.071888101	8.4	14	0	1.666666667	0.715490943
I.atrofusca	rendzina	200	-0.942462268	-0.195229501	-0.234975081	0.634330038	-0.613708732	9.2	20.3	0	2.206521739	0.947247792
I.mariae	loess	200	0.503077313	-0.818531029	-1.404994086	-0.942743952	0.722230624	7.2	12.4	0	1.722222222	0.739340641
I.atrofusca	sand	200	0.021230786	1.986325844	0.350034421	0.873610229	-0.700330624	10.1	40.1	0	3.97029703	1.704426939
I.atropurpurea	rendzina	200	0.503077313	0.73972279	0.740040756	-0.083510537	-0.530012751	8.7	25.6	0	2.942528736	1.263211595
I.mariae	loess	200	-0.942462268	-0.506880265	-0.819984584	-0.942743952	-0.189308302	6.6	13.7	0	2.075757576	0.891111447
I.atropurpurea	rendzina	200	3.394156474	0.428072026	-0.234975081	-0.60557641	-0.294199459	13.2	31.1	1	2.356060606	1.011444014
I.petrana	rendzina	200	0.503077313	0.73972279	0.935043924	0.351544357	0.310806453	14.3	30.2	1	2.111888112	0.90662209
I.atrofusca	sand	200	0.98492384	0.428072026	-0.234975081	0.384173474	-0.571889065	13.5	33.2	0	2.459259259	1.055746635
I.atrofusca	loess	200	0.98492384	0.73972279	0.935043924	0.721341016	-0.257176817	15.7	30.1	0	1.917197452	0.823042447
I.atropurpurea	rendzina	200	0.021230786	0.428072026	-0.234975081	0.297162495	0.020237284	9.4	25.9	1	2.755319149	1.182843537
I.mariae	sand	200	-1.424308795	-1.130181792	-1.014987751	-2.334919612	1.783532543	8.8	11.7	0	1.329545455	0.570766638
I.mariae	rendzina	200	0.98492384	-0.818531029	0.740040756	-0.801351112	1.202948039	7.7	16.4	0	2.12987013	0.914341672
I.atropurpurea	rendzina	200	-0.942462268	1.051373553	1.130047091	0.492937197	-0.281136072	10.2	23.5	0	2.303921569	0.989061009
I.petrana	loess	200	-1.424308795	-0.195229501	-0.624981416	-1.084136793	0.031056758	8.8	12.9	0	1.465909091	0.629306806
I.mariae	rendzina	200	0.503077313	-0.195229501	0.155031254	-1.573573548	1.258314285	11.5	20	0	1.739130435	0.746599245
I.atrofusca	loess	200	-0.460615741	-0.195229501	0.350034421	1.373923357	-0.623182815	9.6	28.8	0	3	1.287883697
I.petrana	loess	200	-0.460615741	-1.441832556	-1.599997254	0.612577293	-0.62012148	7.3	7.5	0	1.02739726	0.441056061
I.mariae	rendzina	200	-0.460615741	0.428072026	1.130047091	-1.247282378	1.78500165	10.9	16	0	1.467889908	0.630157161
I.atropurpurea	loess	200	0.021230786	0.116421262	0.155031254	1.515316197	-0.524353769	13	38.6	0	2.969230769	1.274674633
I.atrofusca	rendzina	200	0.503077313	0.73972279	-1.404994086	-0.290161612	-0.566599971	13.5	36.5	0	2.703703704	1.160685307
I.atropurpurea	loess	200	0.021230786	0.116421262	-0.039971914	0.329791612	0.194654218	14.3	30.7	0	2.146853147	0.921632389
I.atropurpurea	loess	200	0.503077313	1.674675081	0.935043924	1.732843644	-0.7358447	10.5	32.2	1	3.066666667	1.316503335
I.atrofusca	sand	200	0.021230786	0.73972279	0.350034421	1.167272282	-0.620323061	12.3	34.7	0	2.821138211	1.211099303
I.atrofusca	sand	200	-1.424308795	1.363024317	0.545037589	1.765472761	-0.470503514	10	32	0	3.2	1.37374261
I.mariae	sand	200	0.503077313	-1.130181792	-0.819984584	-0.88836209	0.034351989	7.5	16.9	0	2.253333333	0.967343755
I.atrofusca	loess	200	-1.424308795	0.73972279	0.155031254	1.721967272	-0.550107631	8.3	21.3	0	2.56626506	1.101683644
I.atropurpurea	loess	200	-0.942462268	0.73972279	0.350034421	-0.105263282	-0.728193536	9.2	13.3	1	1.445652174	0.620610622
I.petrana	loess	200	0.021230786	0.116421262	0.545037589	1.232530516	-0.405100483	12.8	30.8	0	2.40625	1.032990049
I.atrofusca	sand	200	0.021230786	0.428072026	-0.039971914	0.634330038	-0.445113717	12.5	36	0	2.88	1.236368349
I.atropurpurea	sand	200	-0.460615741	-0.195229501	-0.819984584	-0.366296218	-0.113410565	7.2	21.5	0	2.986111111	1.281921272
I.petrana	rendzina	200	1.466770366	0.428072026	0.350034421	0.384173474	-0.278222082	12	26.8	0	2.233333333	0.958757863
I.petrana	rendzina	200	0.503077313	-0.195229501	0.350034421	0.797475623	-0.176929783	12.4	24.7	0	1.991935484	0.855127078
I.petrana	rendzina	200	0.98492384	0.116421262	-0.039971914	0.862733857	-0.456042927	9.4	27.9	0	2.968085106	1.274182806
I.mariae	sand	200	1.948616893	-1.130181792	-0.624981416	-1.540944431	1.078298243	12.7	23.7	1	1.866141732	0.801124504
I.atropurpurea	sand	200	0.503077313	0.116421262	0.935043924	1.036755814	-0.592835275	10.7	25.7	1	2.401869159	1.031109377
I.atrofusca	loess	200	-0.942462268	0.73972279	-1.795000421	1.787225506	-0.658810055	9.9	17.5	0	1.767676768	0.75885403
I.atropurpurea	rendzina	200	0.98492384	1.986325844	1.715056594	0.634330038	-0.126291431	13.3	31.7	0	2.383458647	1.023205844
I.atrofusca	loess	200	0.503077313	1.986325844	-0.819984584	0.329791612	-0.529608146	12	21	0	1.75	0.75126549
I.atrofusca	sand	200	-0.460615741	1.363024317	-1.209990919	0.78659925	-0.521157695	8	27.3	0	3.4125	1.464967705
I.petrana	loess	200	0.503077313	0.116421262	0.740040756	0.057882303	-0.240000891	8.6	23	0	2.674418605	1.148113373
I.mariae	loess	200	0.98492384	0.116421262	0.350034421	-0.246656122	0.824965162	8.7	18	1	2.068965517	0.888195653
I.petrana	rendzina	200	-0.942462268	-1.441832556	-0.819984584	-0.529441803	0.46942401	8.9	6	0	0.674157303	0.289412067
I.petrana	sand	200	0.503077313	-1.75348332	-1.014987751	0.123140537	-0.34932357	11.8	28.9	0	2.449152542	1.051407877
I.atrofusca	loess	200	-0.460615741	0.116421262	0.155031254	1.395676102	-0.496736534	10.9	22.7	0	2.082568807	0.894035472
I.mariae	rendzina	200	-0.460615741	-0.506880265	-0.819984584	-0.866609346	0.08326873	8.8	14.9	0	1.693181818	0.726873753
I.atrofusca	rendzina	200	-0.460615741	0.428072026	-0.819984584	1.025879442	-0.538131081	13.4	25.1	0	1.873134328	0.804126388
I.atropurpurea	loess	200	-0.460615741	-0.818531029	-1.014987751	-0.398925335	-0.74728969	9.4	19	0	2.021276596	0.867723058
I.petrana	rendzina	200	-0.942462268	-1.75348332	-2.575013091	-0.997125814	-0.354496113	9.6	8.9	0	0.927083333	0.397991837
I.mariae	loess	200	0.021230786	0.116421262	0.545037589	0.025253186	-0.094026105	7.1	10.1	1	1.422535211	0.610686636
I.mariae	sand	200	0.98492384	-1.130181792	-1.014987751	-2.313166867	1.990329884	10.3	20	0	1.941747573	0.833581681
I.atrofusca	rendzina	200	-0.460615741	0.73972279	-0.234975081	0.862733857	-0.349524622	9.9	26.1	0	2.636363636	1.131776582
I.mariae	rendzina	200	0.021230786	0.116421262	0.545037589	-0.659958271	1.063489064	9.4	14.5	0	1.542553191	0.662209702
I.mariae	sand	200	-0.460615741	-1.130181792	-1.599997254	-2.106515793	2.117122973	8.5	13.8	0	1.623529412	0.696972354
I.atropurpurea	loess	200	-0.460615741	1.051373553	0.155031254	1.15639591	-0.495833742	11.8	19	1	1.610169492	0.691237012
I.petrana	sand	200	-0.460615741	-1.75348332	-1.599997254	-0.714340133	0.24623719	11.4	19.8	0	1.736842105	0.745616877
I.atropurpurea	sand	200	-0.460615741	-1.130181792	-1.599997254	0.536442686	-0.657187106	13.7	35.3	0	2.576642336	1.106138552
I.atropurpurea	sand	200	1.466770366	-0.818531029	-0.624981416	-0.094386909	-0.669365959	12.8	29.9	0	2.3359375	1.002805274
I.atropurpurea	rendzina	200	0.021230786	0.116421262	-0.234975081	0.09051142	-0.522715043	13	27.2	0	2.092307692	0.898216322
I.mariae	loess	200	0.021230786	-0.195229501	1.910059761	-0.594700037	0.257683691	7.5	18.2	0	2.426666667	1.041754813
I.atropurpurea	loess	200	-0.460615741	0.73972279	0.740040756	0.427678963	-0.344062683	6.9	26.4	1	3.826086957	1.642518338
I.atrofusca	rendzina	200	0.021230786	1.363024317	-0.234975081	0.753970133	-0.408813486	11.4	29.2	0	2.561403509	1.099596607
I.petrana	rendzina	200	1.466770366	-0.506880265	2.105062929	1.493563453	-0.069183667	7.9	24.8	1	3.139240506	1.34765889
I.petrana	sand	200	1.948616893	-1.130181792	-1.404994086	-0.518565431	0.598225839	13	32.5	1	2.5	1.073236414
I.petrana	sand	200	-0.942462268	-1.130181792	-1.404994086	-0.018252303	-0.267164513	11.5	22.3	0	1.939130435	0.832458158
I.atrofusca	loess	200	0.503077313	0.116421262	0.740040756	1.232530516	-0.629127763	8.2	34.5	1	4.207317073	1.806178355
I.petrana	rendzina	200	-0.460615741	-0.195229501	-0.819984584	-0.529441803	0.621294318	7.7	17.7	0	2.298701299	0.986819976
I.mariae	sand	200	0.98492384	-0.818531029	-0.429978249	-0.485936314	-0.094462768	12.3	18.2	0	1.479674797	0.635216349
I.mariae	rendzina	200	1.466770366	-0.195229501	-0.429978249	-2.476312452	4.590542391	10.9	22.4	0	2.055045872	0.882220025
I.mariae	rendzina	200	1.948616893	0.116421262	0.350034421	-1.11676591	2.09889849	11.5	26.8	0	2.330434783	1.000442988
I.atrofusca	sand	200	0.503077313	0.73972279	-1.014987751	0.862733857	-0.707130845	11.1	29.1	0	2.621621622	1.125447915
I.petrana	loess	200	1.466770366	-0.506880265	-0.039971914	0.297162495	0.228804255	15.7	39.7	0	2.52866242	1.085541035
I.atrofusca	loess	200	-0.942462268	0.73972279	1.520053426	1.112890421	-0.6001893	9.8	24.5	0	2.5	1.073236414
I.atropurpurea	sand	200	-0.942462268	1.363024317	3.080078766	0.873610229	-0.730778872	12.9	35.1	0	2.720930233	1.168080562
I.mariae	sand	200	0.503077313	-1.130181792	0.155031254	-0.920991207	0.364385764	9.8	19.8	0	2.020408163	0.867350245
I.atrofusca	loess	200	-0.942462268	0.428072026	1.130047091	1.450057963	-0.543314311	7.1	31.8	0	4.478873239	1.922755942
I.atrofusca	loess	200	-1.424308795	-0.818531029	-0.819984584	0.221027889	-0.562377912	7.2	13.4	0	1.861111111	0.798964886
I.petrana	sand	200	0.503077313	-0.506880265	1.715056594	-0.649081899	0.892444598	13.6	26.6	1	1.955882353	0.839649665
I.mariae	rendzina	200	-0.460615741	-0.195229501	0.350034421	-0.649081899	0.366571793	7.8	16.9	0	2.166666667	0.930138226
I.mariae	loess	200	2.43046342	-1.130181792	-0.429978249	-2.487188825	12.20501086	12.8	29.9	0	2.3359375	1.002805274
I.mariae	rendzina	200	-0.942462268	-1.130181792	-1.599997254	-1.638831782	1.075414009	7.1	8.6	0	1.211267606	0.519990601
I.atropurpurea	sand	200	-0.942462268	0.116421262	-0.624981416	0.286286123	-0.686358405	9.7	25.5	0	2.628865979	1.128557879
I.atropurpurea	loess	200	0.503077313	-0.195229501	-0.234975081	-0.953620324	0.248271853	5.6	25.4	0	4.535714286	1.947157494
I.atrofusca	sand	200	0.021230786	1.363024317	0.155031254	0.536442686	-0.658287045	9.9	36.8	0	3.717171717	1.595761618
I.mariae	rendzina	200	0.021230786	-0.195229501	0.350034421	0.884486601	-0.356435739	10.2	22.1	1	2.166666667	0.930138226
I.atrofusca	sand	200	-0.460615741	2.609627372	0.155031254	0.721341016	-0.430204455	11.8	42.8	0	3.627118644	1.557102323
I.petrana	rendzina	200	-0.942462268	-0.818531029	-0.624981416	0.101387793	0.21084078	8.8	13.2	0	1.5	0.643941848
I.atrofusca	rendzina	200	0.021230786	1.986325844	0.545037589	1.276036006	-0.560350372	7.9	38.4	0	4.860759494	2.086697635
I.atrofusca	rendzina	200	0.503077313	1.051373553	0.155031254	0.395049846	-0.356018184	9.4	33.1	0	3.521276596	1.511664907
I.mariae	rendzina	200	0.503077313	0.73972279	1.520053426	-1.345169729	1.261753265	6.5	17.9	0	2.753846154	1.182211188
I.atropurpurea	sand	200	-0.460615741	1.051373553	2.495069264	1.210777772	-0.62406688	7.7	22.1	1	2.87012987	1.232131156
I.mariae	loess	200	0.021230786	-0.818531029	0.350034421	-1.44305708	2.039444254	7.5	22.9	0	3.053333333	1.310779407
I.atrofusca	rendzina	200	-0.460615741	2.609627372	1.910059761	0.993250325	-0.324735973	8.1	18	1	2.222222222	0.953987924
I.atropurpurea	rendzina	200	0.021230786	0.428072026	0.155031254	0.78659925	-0.127102591	11.9	40.6	1	3.411764706	1.464652047
I.mariae	rendzina	200	0.98492384	-0.818531029	-0.624981416	-1.312540612	0.402629242	8.1	20.4	0	2.518518519	1.081186313
I.atropurpurea	loess	200	0.98492384	1.363024317	1.520053426	0.656082782	-0.590937696	12.5	28.3	1	2.264	0.971922897
I.petrana	sand	200	0.021230786	-0.506880265	-0.429978249	-0.279285239	-0.097687646	13.8	30.9	0	2.239130435	0.961246527
I.atropurpurea	rendzina	200	3.876003001	1.986325844	1.130047091	-0.23577975	-0.209537169	13.4	34.2	1	2.552238806	1.09566225
I.atrofusca	loess	200	-0.460615741	2.297976608	0.740040756	0.395049846	-0.643270191	12.3	28.5	1	2.317073171	0.99470692
I.mariae	rendzina	200	1.948616893	-0.195229501	0.350034421	-0.018252303	-0.011354273	8.6	22.6	1	2.627906977	1.128146184
I.mariae	loess	200	0.503077313	0.116421262	2.105062929	-1.11676591	0.453438576	7.8	15.8	0	2.025641026	0.869596684
I.atropurpurea	loess	200	-0.460615741	1.051373553	2.105062929	1.721967272	-0.450052003	11.8	42.5	0	3.601694915	1.546188054
I.atropurpurea	rendzina	200	-0.460615741	1.674675081	-0.429978249	0.362420729	-0.104164459	9.1	7.1	0	0.78021978	0.334944112
I.atropurpurea	rendzina	200	0.98492384	1.674675081	1.520053426	0.449431708	-0.394726675	8.4	32.9	0	3.916666667	1.681403715
I.petrana	rendzina	200	0.98492384	0.116421262	0.935043924	0.819228367	0.39389716	8.4	38	0	4.523809524	1.942046844
I.mariae	rendzina	200	0.98492384	-0.195229501	0.350034421	-1.171147771	1.015797399	10.6	24.3	1	2.29245283	0.984137542
I.atropurpurea	loess	200	-0.460615741	0.428072026	1.325050259	0.547319059	-0.566659741	13.7	24.7	0	1.802919708	0.773983633
I.atropurpurea	sand	200	0.503077313	-0.506880265	-0.819984584	-0.257532495	-0.471469757	6.1	32.7	0	5.360655738	2.301300376
I.mariae	loess	200	-0.460615741	-1.130181792	-0.624981416	-1.62795541	1.149197356	9.7	18.3	0	1.886597938	0.809906242
I.atropurpurea	rendzina	200	-1.424308795	3.232928899	3.470085101	1.983000208	-0.349151159	9.9	29.5	0	2.97979798	1.279211079
I.petrana	rendzina	200	3.394156474	-0.818531029	-0.624981416	-0.257532495	-0.097386712	13	29.9	0	2.3	0.987377501
I.atropurpurea	sand	200	-0.460615741	0.428072026	-0.039971914	-0.181397888	-0.523914452	7.4	21.4	0	2.891891892	1.241473474
I.atrofusca	rendzina	200	-0.942462268	0.73972279	-0.819984584	0.797475623	-0.670062557	6	19.8	0	3.3	1.416672067
I.atropurpurea	sand	200	0.021230786	-0.818531029	-1.014987751	0.242780633	-0.284972669	7.1	25.3	0	3.563380282	1.52973979
I.atropurpurea	sand	200	-0.460615741	0.116421262	0.350034421	0.068758676	-0.239039168	14.3	32	0	2.237762238	0.960659168
I.petrana	sand	200	0.503077313	-0.818531029	-0.624981416	-0.366296218	-0.58417682	10.9	19.5	1	1.788990826	0.768004039
I.mariae	loess	200	0.021230786	-0.818531029	0.350034421	-1.11676591	0.655840774	6.5	11.6	0	1.784615385	0.766125686
I.atropurpurea	sand	200	0.503077313	0.428072026	-0.429978249	-0.170521516	-0.466368722	10.8	11.6	0	1.074074074	0.461094163
I.petrana	loess	200	1.466770366	-0.506880265	-0.039971914	-0.159645143	-0.250035357	7.9	16.5	0	2.088607595	0.89662789
I.mariae	sand	300	1.466770366	-0.195229501	0.155031254	-1.758471878	1.614480857	11.2	35.6	0	3.178571429	1.364543441
I.atropurpurea	loess	300	0.98492384	0.73972279	0.935043924	-0.246656122	-0.331273579	11.8	37.9	0	3.211864407	1.378835935
I.atrofusca	rendzina	300	-0.460615741	1.674675081	0.740040756	1.167272282	-0.4686538	6.4	44.7	0	6.984375	2.998354232
I.petrana	sand	300	-0.460615741	-1.130181792	-0.624981416	-0.083510537	-0.244012023	6.5	17.6	0	2.707692308	1.162397593
I.atrofusca	loess	300	0.98492384	0.428072026	-0.234975081	1.178148655	-0.345581458	12.9	42.3	0	3.279069767	1.407686831
I.atrofusca	rendzina	300	0.503077313	0.116421262	-0.039971914	0.405926218	-0.61787057	8.6	26	0	3.023255814	1.297867291
I.petrana	sand	300	-1.424308795	-1.441832556	-1.014987751	-0.246656122	-0.232518724	9.3	12.9	0	1.387096774	0.595473107
I.petrana	rendzina	300	2.43046342	-0.506880265	-0.429978249	0.873610229	-0.310990163	13.3	36	1	2.706766917	1.162000328
I.atrofusca	sand	300	-0.460615741	0.428072026	-0.234975081	1.102014048	-0.415564612	12.9	46.8	0	3.627906977	1.55744075
I.atropurpurea	rendzina	300	1.466770366	-0.195229501	0.545037589	0.525566314	-0.317238768	8.4	27.4	1	3.261904762	1.400317988
I.mariae	loess	300	0.021230786	1.051373553	0.935043924	-1.682337271	2.25056026	10.3	20.9	0	2.029126214	0.871092856
I.atropurpurea	sand	300	0.021230786	1.674675081	0.740040756	0.699588272	-0.435931557	8.3	28.5	1	3.43373494	1.474083749
I.atropurpurea	loess	300	-0.942462268	2.609627372	2.300066096	1.547945314	-0.10595796	11.6	44	0	3.793103448	1.628358697
I.petrana	sand	300	-0.942462268	-0.195229501	0.155031254	-0.74696925	0.163090371	14.2	24.2	0	1.704225352	0.731614682
I.petrana	sand	300	-1.424308795	-0.506880265	0.350034421	-0.061757792	-0.51527679	8.4	21.9	0	2.607142857	1.11923226
I.atropurpurea	sand	300	-0.460615741	-0.506880265	0.545037589	0.308038867	-0.717195133	6.8	16.7	0	2.455882353	1.054296948
I.atrofusca	rendzina	300	-0.460615741	0.428072026	-0.039971914	1.047632187	-0.537941533	7.4	39.9	0	5.391891892	2.314709888
I.petrana	sand	300	1.466770366	-1.130181792	0.740040756	-0.19227426	-0.451429756	6.8	32.7	0	4.808823529	2.064401808
I.mariae	sand	300	0.503077313	-1.130181792	-1.014987751	-1.008002186	1.196130105	13.9	29.4	0	2.115107914	0.908004333
I.atropurpurea	loess	300	0.98492384	2.297976608	2.300066096	1.493563453	-0.573686861	11.3	36.3	1	3.212389381	1.379061304
I.atrofusca	sand	300	0.98492384	0.73972279	-0.624981416	1.145519538	-0.803570027	11.6	35.8	1	3.086206897	1.324891849
I.atropurpurea	sand	300	-0.942462268	0.73972279	0.740040756	-0.05088142	-0.212775593	9	37.5	0	4.166666667	1.788727357
I.atrofusca	rendzina	300	-0.460615741	2.297976608	0.740040756	1.102014048	-0.257569771	12	37	0	3.083333333	1.323658244
I.atropurpurea	rendzina	300	0.98492384	0.116421262	1.325050259	-0.018252303	-0.221905249	8.9	35	1	3.93258427	1.688237056
I.atrofusca	loess	300	-0.942462268	2.609627372	1.910059761	1.580574431	-0.620539938	13.8	56.9	0	4.123188406	1.770062376
I.petrana	loess	300	-0.460615741	-0.818531029	-0.429978249	-0.029128675	-0.334847753	14.1	20	0	1.418439716	0.608928462
I.atropurpurea	rendzina	300	-0.460615741	0.428072026	0.935043924	0.449431708	-0.492165635	12	45.8	0	3.816666667	1.638474259
I.atrofusca	loess	300	-0.942462268	1.674675081	0.740040756	1.700214527	-0.443586213	6.9	29.4	0	4.260869565	1.829168149
I.mariae	loess	300	1.948616893	-0.818531029	1.130047091	-0.910114835	0.721127029	12.6	26.7	0	2.119047619	0.909695627
I.atrofusca	rendzina	300	-0.942462268	-0.195229501	-0.624981416	-0.214027005	-0.571220643	11.5	26	0	2.260869565	0.970579018
I.atrofusca	sand	300	-0.942462268	1.051373553	-0.039971914	0.808351995	-0.448101056	14.6	39.4	0	2.698630137	1.158507252
I.atropurpurea	loess	300	1.466770366	1.363024317	0.935043924	0.340667984	-0.602958386	9.8	37.1	0	3.785714286	1.62518657
I.petrana	rendzina	300	0.503077313	0.73972279	0.935043924	1.895989229	-0.360428219	10	34.8	1	3.48	1.493945088
I.petrana	sand	300	0.503077313	-1.130181792	-1.404994086	-0.88836209	-0.10361871	12	22.1	0	1.841666667	0.790617492
I.atrofusca	loess	300	-0.942462268	1.051373553	0.740040756	2.03738207	-0.357109859	10.9	30.4	0	2.788990826	1.197298605
I.mariae	loess	300	1.948616893	-1.130181792	-0.624981416	-2.063010303	1.325440534	9	18.6	0	2.066666667	0.887208769
I.mariae	loess	300	0.503077313	0.116421262	-0.624981416	-1.279911495	1.700813605	9.1	17.7	0	1.945054945	0.835001518
I.atrofusca	rendzina	300	-1.424308795	0.73972279	-0.039971914	1.950371091	-0.686050743	8.1	26.4	0	3.259259259	1.399182288
I.atropurpurea	loess	300	1.466770366	1.363024317	1.520053426	0.449431708	-0.453567085	12.3	35.1	1	2.853658537	1.225060102
I.atropurpurea	rendzina	300	0.98492384	2.609627372	1.520053426	0.036129559	-0.41907031	8.3	16.8	0	2.024096386	0.868933579
I.petrana	rendzina	300	0.503077313	0.428072026	1.325050259	0.13401691	0.059047004	9.2	34.2	1	3.717391304	1.595855885
I.atrofusca	sand	300	-1.424308795	1.363024317	1.130047091	0.253657006	-0.27682737	14.4	28.4	0	1.972222222	0.846664282
I.atropurpurea	loess	300	1.948616893	0.73972279	0.350034421	0.471184452	-0.213961627	8	28.6	0	3.575	1.534728072
I.atropurpurea	rendzina	300	0.021230786	1.674675081	1.325050259	0.112264165	-0.53408413	7.8	30	1	3.846153846	1.651132945
I.mariae	rendzina	300	1.466770366	-0.195229501	-0.234975081	-2.150021282	2.397011292	7.6	24.1	1	3.171052632	1.361315662
I.mariae	sand	300	0.503077313	-1.130181792	1.715056594	-0.529441803	0.737076317	8.6	19.9	1	2.313953488	0.993367658
I.mariae	sand	300	0.021230786	-0.195229501	0.350034421	-2.128268537	2.682802726	8.3	16.6	1	2	0.858589131
I.atropurpurea	sand	300	-0.460615741	-0.195229501	0.350034421	0.840981112	-0.331831961	11.1	40.4	0	3.63963964	1.562477518
I.petrana	loess	300	1.466770366	-1.75348332	-1.404994086	-1.508315314	0.337126115	10.6	17.3	0	1.632075472	0.700641131
I.mariae	loess	300	0.503077313	-0.818531029	-0.429978249	-1.377798846	1.232628247	7	17	0	2.428571429	1.042572517
I.atropurpurea	sand	300	-0.460615741	0.428072026	-0.819984584	0.231904261	-0.671505668	11.1	23.3	1	2.099099099	0.901131836
I.mariae	rendzina	300	0.98492384	-0.818531029	-0.039971914	-1.149395027	0.895316628	9.4	21.7	0	2.308510638	0.991031072
I.petrana	loess	300	0.503077313	-0.818531029	0.740040756	-0.018252303	0.430746392	7.6	20.6	0	2.710526316	1.163614217
I.mariae	rendzina	300	0.98492384	-0.818531029	0.155031254	-0.986249442	0.063630497	7.6	20.6	1	2.710526316	1.163614217
I.mariae	rendzina	300	1.948616893	-1.130181792	-1.209990919	-1.236406005	0.85286616	6.4	16.3	0	2.546875	1.093359597
I.atrofusca	rendzina	300	0.021230786	1.363024317	0.935043924	2.135269421	-0.516940947	12.2	39.7	0	3.254098361	1.396966742
I.atropurpurea	sand	300	0.021230786	-1.130181792	-1.599997254	-0.159645143	-0.424994482	12.4	28.9	0	2.330645161	1.000533302
I.petrana	rendzina	300	0.503077313	-1.130181792	-0.039971914	-0.214027005	-0.10858773	16.8	30.9	0	1.839285714	0.789595362
I.atropurpurea	rendzina	300	2.43046342	1.051373553	-0.039971914	1.112890421	-0.679292907	13.3	46.2	1	3.473684211	1.491233754
I.atrofusca	sand	300	-1.424308795	0.116421262	-0.624981416	0.014376814	-0.487026379	6.6	13.7	0	2.075757576	0.891111447
I.atrofusca	loess	300	0.021230786	0.73972279	-0.039971914	-0.214027005	-0.527569336	5.9	14.9	1	2.525423729	1.084150683
I.mariae	sand	300	1.948616893	-1.441832556	-1.209990919	-1.301664239	0.572575016	9.8	19	0	1.93877551	0.83230579
I.atropurpurea	loess	300	0.021230786	0.428072026	1.130047091	0.242780633	-0.509001099	13.9	42.6	0	3.064748201	1.315679748
I.atropurpurea	sand	300	-0.460615741	-0.195229501	-0.039971914	0.199275144	-0.405080003	8.9	26.2	0	2.943820225	1.263766025
I.atrofusca	loess	300	-1.424308795	-0.818531029	-0.234975081	0.144893282	-0.711568652	10.3	19.4	0	1.883495146	0.80857423
I.petrana	sand	300	-0.460615741	-0.818531029	-0.429978249	0.210151516	-0.389195326	9.4	19.2	0	2.042553191	0.876856985
I.mariae	rendzina	300	0.98492384	-1.441832556	-0.819984584	-0.877485718	0.036906478	12.4	24.9	0	2.008064516	0.862051184
I.atropurpurea	loess	300	3.394156474	-0.506880265	0.155031254	0.166646027	-0.306677909	10.1	39.2	0	3.881188119	1.666172968
I.atropurpurea	loess	300	-0.942462268	1.986325844	1.910059761	0.547319059	-0.527137659	10.1	37.8	0	3.742574257	1.60666679
I.mariae	sand	300	0.98492384	-1.130181792	0.155031254	-1.301664239	0.454422872	9.5	24.1	0	2.536842105	1.08905253
I.petrana	rendzina	300	0.021230786	0.428072026	0.545037589	-0.779598367	0.358457201	11.4	23.4	0	2.052631579	0.881183582
I.atropurpurea	rendzina	300	0.98492384	-0.195229501	0.545037589	0.373297101	-0.60838904	11.2	32.8	0	2.928571429	1.257219799
I.petrana	loess	300	-0.460615741	0.116421262	0.155031254	0.188398771	0.154667036	9.2	24.9	0	2.706521739	1.161895074
I.mariae	sand	300	-0.460615741	-1.130181792	0.740040756	-0.551194548	0.223788442	11.1	23.2	1	2.09009009	0.897264317
I.atrofusca	rendzina	300	-0.460615741	1.363024317	0.740040756	1.047632187	-0.484861995	6.7	25.5	1	3.805970149	1.633882302
I.petrana	loess	300	0.021230786	0.116421262	0.155031254	-0.181397888	0.390235432	7.2	22.3	1	3.097222222	1.329620669
I.atrofusca	loess	300	0.021230786	1.051373553	-0.234975081	1.123766793	-0.605209308	9.9	45	0	4.545454545	1.951338935
I.petrana	loess	300	1.948616893	-0.818531029	0.350034421	0.079635048	0.258238898	9.7	29.6	0	3.051546392	1.310012283
I.atrofusca	loess	300	-0.942462268	1.051373553	0.545037589	1.199901399	-0.604318829	8.5	28.4	0	3.341176471	1.434348902
I.mariae	sand	300	1.466770366	-1.75348332	-1.404994086	-1.279911495	0.939938863	11.8	26.5	0	2.245762712	0.964093728
I.atropurpurea	sand	300	0.021230786	-0.195229501	-0.819984584	0.569071803	-0.708835341	11.6	33.2	0	2.862068966	1.228670653
I.mariae	loess	300	0.021230786	-0.818531029	-1.014987751	-1.758471878	1.958649014	8.5	21	0	2.470588235	1.060610103
I.atrofusca	loess	300	0.021230786	-0.195229501	-0.819984584	1.515316197	-0.668323018	8	28.5	0	3.5625	1.52936189
I.petrana	loess	300	1.466770366	0.73972279	0.350034421	-0.56207092	0.588229918	11.2	37.6	0	3.357142857	1.441203185
I.petrana	loess	300	0.503077313	0.116421262	1.325050259	0.438555335	-0.348291426	11.2	31.3	0	2.794642857	1.199724991
I.atropurpurea	sand	300	0.021230786	-0.818531029	0.155031254	0.025253186	-0.125620612	13.6	31.8	0	2.338235294	1.003791705
I.atrofusca	rendzina	300	-0.942462268	1.051373553	1.130047091	0.64520641	-0.423726162	6.1	32.7	0	5.360655738	2.301300376
I.mariae	rendzina	300	0.98492384	-0.195229501	0.740040756	-0.42067808	0.482561701	11.7	30.9	0	2.641025641	1.133777955
I.atrofusca	sand	300	-0.942462268	1.363024317	0.155031254	0.384173474	-0.280664137	7.6	34.1	0	4.486842105	1.926176933
I.mariae	loess	300	-0.460615741	-0.195229501	-0.429978249	-1.040631303	0.437373063	6.4	14.6	0	2.28125	0.979328228
I.mariae	loess	300	0.98492384	-0.506880265	-0.429978249	-1.312540612	1.148380568	9.7	23.2	0	2.391752577	1.026766384
I.petrana	sand	300	0.503077313	-1.130181792	-0.819984584	0.155769654	0.017703988	12.4	26.4	1	2.129032258	0.913981978
I.mariae	loess	300	0.98492384	-0.818531029	0.155031254	-1.76934825	1.567946312	7.5	20.7	0	2.76	1.184853001
I.mariae	rendzina	300	2.43046342	-0.195229501	0.935043924	-1.44305708	1.2001917	12.2	39.6	0	3.245901639	1.393447934
I.atropurpurea	rendzina	300	0.503077313	1.674675081	1.130047091	1.01500307	-0.641910873	11	36.6	1	3.327272727	1.4283801
I.mariae	loess	300	0.98492384	-0.506880265	0.935043924	-1.551820803	0.673999256	11.3	22.8	1	2.017699115	0.866187265
I.atropurpurea	rendzina	300	2.43046342	0.116421262	0.155031254	-0.301037984	-0.249802347	7.1	27.1	0	3.816901408	1.638575032
I.mariae	rendzina	300	0.503077313	0.116421262	-0.234975081	-1.247282378	0.799460694	7.5	26.2	0	3.493333333	1.499669016
I.mariae	loess	300	2.912309947	-0.506880265	-1.014987751	-1.693213644	1.249001174	9.3	27.7	1	2.978494624	1.278651556
I.atrofusca	sand	300	-0.460615741	0.116421262	-0.039971914	1.776349134	-0.545566272	6.7	32.1	0	4.791044776	2.056769486
I.petrana	sand	300	-0.460615741	-0.195229501	0.155031254	-0.594700037	0.342286833	9.8	14.3	1	1.459183673	0.626419621
I.atropurpurea	loess	300	0.503077313	0.73972279	0.545037589	0.188398771	-0.051131079	8.2	46.7	0	5.695121951	2.444884904
I.petrana	loess	300	0.021230786	-0.506880265	0.155031254	0.253657006	-0.033852642	7	18	0	2.571428571	1.103900312
I.atrofusca	sand	300	-1.424308795	1.986325844	-0.429978249	0.612577293	-0.814359097	6.9	16.2	1	2.347826087	1.00790898
I.atropurpurea	loess	300	1.948616893	1.363024317	0.740040756	0.047005931	-0.659624953	12.4	36.4	1	2.935483871	1.260187273
I.mariae	rendzina	300	-0.460615741	-0.506880265	0.350034421	-1.029754931	0.891357461	6.6	11.7	1	1.772727273	0.761022185
I.atrofusca	loess	300	-0.460615741	1.051373553	0.545037589	2.015629325	-0.133459695	9.6	29.3	0	3.052083333	1.310242789
I.atropurpurea	rendzina	300	0.021230786	1.051373553	0.740040756	0.101387793	-0.046354933	11.6	54.6	0	4.706896552	2.020645111
I.atropurpurea	rendzina	300	-0.942462268	-0.818531029	-0.624981416	-0.007375931	-0.651603001	9.4	12.6	0	1.340425532	0.575437396
I.mariae	loess	300	0.021230786	-0.506880265	-0.234975081	-1.464809825	0.652913678	8.1	13.3	0	1.641975309	0.704891077
I.atropurpurea	rendzina	300	0.021230786	1.986325844	0.155031254	0.634330038	-0.583457458	7.9	36.7	0	4.64556962	1.994317792
I.atrofusca	loess	300	0.021230786	-0.506880265	-0.819984584	0.221027889	-0.669518098	6.9	21.5	0	3.115942029	1.33765698
I.mariae	sand	300	0.503077313	-0.506880265	0.350034421	-0.997125814	0.558919548	13	33.3	0	2.561538462	1.099654541
I.atropurpurea	sand	300	-0.460615741	-0.195229501	-0.039971914	0.101387793	-0.500903219	9.8	26.7	0	2.724489796	1.169608663
I.mariae	sand	300	1.466770366	-1.130181792	-0.234975081	-1.214653261	0.881120631	10.3	25.2	0	2.446601942	1.050312918
I.atrofusca	rendzina	300	-1.424308795	1.674675081	0.545037589	0.558195431	-0.69560729	7.8	13.4	1	1.717948718	0.737506049
I.atrofusca	loess	300	-0.460615741	0.73972279	1.130047091	1.428305219	-0.56197415	8.2	25.2	0	3.073170732	1.319295494
I.mariae	rendzina	300	0.503077313	-0.506880265	0.350034421	-0.507689058	0.014880427	9.9	21.3	0	2.151515152	0.923633762
I.mariae	sand	300	-1.424308795	-1.441832556	-1.209990919	-1.540944431	1.657309162	6.1	10.2	0	1.672131148	0.717836815
I.atropurpurea	sand	300	-1.424308795	-0.506880265	-0.429978249	0.427678963	-0.606232598	9	18	0	2	0.858589131
I.petrana	sand	300	-0.942462268	-1.130181792	-0.429978249	-0.670834644	0.944642299	8.9	16	0	1.797752809	0.771765511
I.atrofusca	sand	300	-0.942462268	0.428072026	-1.014987751	-0.475059941	-0.481883558	12	28.8	0	2.4	1.030306957
I.atropurpurea	loess	300	0.021230786	0.428072026	0.155031254	0.97149758	-0.27520354	9.2	36.6	0	3.97826087	1.707845772
I.atropurpurea	rendzina	300	2.43046342	0.73972279	0.350034421	0.579948176	-0.530464292	10	57.9	0	5.79	2.485615535
I.atropurpurea	sand	300	-0.460615741	0.428072026	-0.039971914	-0.19227426	-0.502572331	7.9	19	0	2.405063291	1.032480601
I.petrana	loess	300	1.948616893	0.116421262	0.740040756	-0.170521516	0.830254229	7.5	23.8	1	3.173333333	1.362294755
I.mariae	rendzina	300	-0.460615741	0.428072026	0.155031254	-1.421304335	2.242264728	8.6	24.2	0	2.813953488	1.20801494
I.atrofusca	sand	300	-0.460615741	-0.506880265	-1.014987751	0.851857484	-0.637067267	7.5	29.9	0	3.986666667	1.711454335
I.petrana	loess	300	-0.942462268	0.116421262	-2.380009924	-0.594700037	1.591792629	7.4	2	0	0.27027027	0.116025558
I.atrofusca	rendzina	300	-1.424308795	0.428072026	-0.624981416	0.177522399	-0.293645646	8	24.2	0	3.025	1.298616061
I.petrana	rendzina	300	1.466770366	0.116421262	1.910059761	-0.409801707	0.760280373	7.8	35.5	0	4.551282051	1.953840651
I.atrofusca	rendzina	300	-0.460615741	-0.506880265	-1.014987751	1.373923357	-0.647048058	6.7	24.8	0	3.701492537	1.589030631
I.atropurpurea	loess	300	-0.460615741	0.73972279	0.740040756	0.199275144	-0.684843699	9.6	37.2	0	3.875	1.663516442
I.mariae	loess	300	0.021230786	-0.195229501	0.935043924	-1.095013165	1.058103696	6.7	16.8	0	2.507462687	1.076440105
I.petrana	rendzina	300	-1.424308795	0.116421262	1.325050259	0.31891524	-0.27158299	7.9	23.4	0	2.962025316	1.271581372
I.petrana	rendzina	300	0.021230786	0.428072026	0.935043924	0.188398771	0.402522975	14.3	24.7	0	1.727272727	0.741508795
I.mariae	loess	300	0.503077313	-0.818531029	0.545037589	-1.845482857	0.916208155	7.8	22.1	0	2.833333333	1.216334603
I.atrofusca	loess	300	-0.460615741	1.051373553	-1.014987751	0.068758676	-0.505578009	8	18.3	1	2.2875	0.982011319
I.mariae	rendzina	300	-0.460615741	-0.195229501	0.350034421	-0.355419846	0.120252721	6.3	13.5	0	2.142857143	0.919916926
I.atrofusca	loess	300	-0.942462268	0.73972279	0.545037589	0.503813569	-0.318494047	9.5	31.5	0	3.315789474	1.423450402
I.petrana	sand	300	0.503077313	-0.506880265	-0.624981416	-0.844856601	0.433570166	6.4	19.7	0	3.078125	1.321422335
I.petrana	sand	300	-1.424308795	-1.441832556	-0.624981416	-0.355419846	-0.167854281	8.9	14.9	0	1.674157303	0.718706632
I.atropurpurea	rendzina	300	-0.942462268	1.986325844	2.495069264	0.917115718	-0.416241924	12.6	40.4	0	3.206349206	1.37646829
I.mariae	rendzina	300	2.43046342	0.428072026	1.520053426	-0.37717259	0.27535404	10.8	30.8	0	2.851851852	1.224284502
I.petrana	rendzina	300	0.021230786	0.116421262	1.325050259	-0.594700037	1.117937783	8.4	29.1	0	3.464285714	1.487199031
I.atrofusca	rendzina	300	-0.460615741	1.674675081	1.325050259	1.711090899	-0.368033524	6.5	49.4	0	7.6	3.262638699
I.mariae	rendzina	300	0.98492384	-0.506880265	-0.234975081	-1.182024144	0.908701443	10.4	26.7	0	2.567307692	1.102131241
I.petrana	rendzina	300	0.98492384	-0.818531029	-0.039971914	0.155769654	0.746121151	9	31.1	1	3.455555556	1.483451221
I.petrana	loess	300	0.503077313	-0.818531029	-0.039971914	0.144893282	-0.356438527	9.9	31.8	0	3.212121212	1.37894618
I.mariae	sand	300	1.466770366	-1.130181792	-0.039971914	-1.138518654	0.189078017	10.5	22.3	0	2.123809524	0.911739887
I.petrana	rendzina	300	0.503077313	1.051373553	0.740040756	1.134643165	-0.241330682	9.5	33.9	1	3.568421053	1.531903766
I.petrana	loess	300	-0.942462268	-0.506880265	-0.624981416	0.373297101	-0.608718402	11.6	29.2	0	2.517241379	1.080638044
I.atrofusca	loess	300	0.503077313	0.116421262	-0.234975081	1.591450804	-0.521131066	12	45.5	0	3.791666667	1.627741895
I.atrofusca	sand	300	-0.460615741	1.363024317	0.545037589	0.025253186	-0.373754586	8.6	33	1	3.837209302	1.647293101
I.mariae	loess	300	0.98492384	-0.195229501	1.130047091	-0.964496697	0.019800978	8.4	20.9	0	2.488095238	1.068125764
I.atrofusca	sand	300	-0.460615741	0.428072026	0.350034421	1.01500307	-0.364455072	11.2	37.6	0	3.357142857	1.441203185
I.atropurpurea	rendzina	300	-0.460615741	2.297976608	2.885075599	1.700214527	-0.419490357	8.2	35.9	0	4.37804878	1.879472549
I.atropurpurea	sand	300	0.021230786	0.428072026	1.130047091	-0.616452782	0.100126876	8	23.5	1	2.9375	1.261052787
I.atrofusca	rendzina	300	0.021230786	1.051373553	0.350034421	0.612577293	-0.437425092	12.9	45	0	3.488372093	1.497539182
I.atropurpurea	loess	300	-1.424308795	0.73972279	1.130047091	0.155769654	-0.506091248	8	21.2	0	2.65	1.137630599
I.petrana	loess	300	-0.460615741	-0.195229501	1.130047091	1.276036006	-0.295221541	6.4	19.9	1	3.109375	1.33483779
I.mariae	rendzina	300	-0.942462268	-0.818531029	-0.429978249	-1.606202665	1.26176896	9	9.7	0	1.077777778	0.462684143
I.atropurpurea	sand	300	0.503077313	-0.195229501	-0.039971914	0.656082782	-0.563912998	9.9	17	1	1.717171717	0.737172486
I.mariae	rendzina	300	0.98492384	-0.818531029	-0.624981416	-1.682337271	1.881761279	8.1	16.4	0	2.024691358	0.869188997
I.atropurpurea	rendzina	300	1.948616893	0.73972279	0.740040756	0.210151516	-0.238830803	14	53.8	1	3.842857143	1.649717688
I.atropurpurea	loess	300	0.98492384	0.116421262	-0.039971914	0.851857484	-0.331668943	10.9	50	0	4.587155963	1.969241127
I.petrana	sand	300	0.503077313	-0.506880265	0.155031254	0.753970133	-0.140489834	7.4	19.3	0	2.608108108	1.119646637
I.mariae	sand	300	-0.942462268	-0.818531029	-0.429978249	-1.018878559	0.196904932	8.3	11.5	0	1.385542169	0.594805723
I.atropurpurea	sand	300	0.503077313	-0.818531029	0.545037589	0.612577293	-0.564178275	13.2	32.6	1	2.46969697	1.060227488
I.petrana	sand	300	0.503077313	-0.195229501	0.350034421	0.917115718	0.109650992	12.2	24.2	1	1.983606557	0.851551515
I.atrofusca	loess	300	-0.460615741	2.609627372	1.325050259	2.080887559	-0.577967196	10.5	48.1	0	4.580952381	1.966577963
I.atropurpurea	sand	300	0.021230786	-1.130181792	-0.624981416	-0.05088142	-0.516367306	10	28.4	0	2.84	1.219196566
I.mariae	loess	300	1.948616893	1.051373553	3.080078766	-1.530068059	1.867517933	11.5	32.8	1	2.852173913	1.224422761
I.atropurpurea	sand	300	0.503077313	-0.506880265	-0.234975081	-0.344543473	-0.367189551	9.7	28.6	0	2.948453608	1.265755111
I.petrana	sand	300	-0.460615741	-1.130181792	-0.234975081	-0.007375931	0.0525485	9.3	31.7	0	3.408602151	1.46329438
I.petrana	loess	300	0.503077313	0.116421262	0.545037589	-1.81285374	2.341368379	7.9	21.8	1	2.759493671	1.184635637
I.petrana	rendzina	300	0.021230786	0.116421262	0.155031254	0.699588272	0.000717275	8.5	40.7	0	4.788235294	2.055563391
I.atrofusca	sand	300	-0.460615741	1.986325844	0.545037589	0.982373953	-0.526941801	10.4	37	1	3.557692308	1.527297974
I.petrana	sand	300	-0.460615741	-1.130181792	-0.624981416	-0.148768771	-0.100174106	6.6	17.2	1	2.606060606	1.118767656
I.petrana	rendzina	300	0.503077313	-0.195229501	0.935043924	-1.356046101	2.400881355	8.4	30.4	1	3.619047619	1.553637476
I.atropurpurea	loess	300	-0.460615741	2.921278135	1.520053426	0.308038867	-0.324906782	11.1	36.9	1	3.324324324	1.427114367
I.petrana	loess	300	1.466770366	-0.195229501	-0.624981416	0.569071803	0.076638871	6.2	21.1	1	3.403225806	1.460986344
I.petrana	rendzina	300	0.021230786	-0.195229501	0.545037589	-0.181397888	0.159463927	11.4	19.5	1	1.710526316	0.734319652
I.atrofusca	rendzina	300	-0.942462268	0.428072026	0.155031254	0.13401691	-0.599404067	9.9	20.8	0	2.101010101	0.901952219
I.mariae	rendzina	300	0.98492384	-0.506880265	-1.404994086	-1.029754931	0.412767218	11.2	20.3	0	1.8125	0.7780964
I.atrofusca	sand	300	-0.460615741	1.674675081	0.545037589	0.873610229	-0.673051767	9.6	26.3	1	2.739583333	1.176088237
I.petrana	rendzina	300	0.021230786	-0.195229501	-0.039971914	0.079635048	-0.350194586	7.7	15.5	1	2.012987013	0.864164385
I.petrana	sand	300	0.503077313	-1.130181792	-1.209990919	-0.05088142	-0.316760015	12.5	28.6	0	2.288	0.982225966
I.petrana	rendzina	300	-0.460615741	-0.195229501	0.545037589	0.047005931	0.543466591	8.7	18.1	1	2.08045977	0.893130073
